109568 0.336694544019 0.403501479737 0.404825199717 0.129586091883 0.0890207306141 0.540844109036
109569 0.53788648903 0.154192291873 0.117433723391 0.150929542479 0.739587370044 0.303147178036
109570 0.988087956619 0.222044151319 0.522725106693 0.572571745715 0.904496186363 0.14466522186
109571 0.688425835403 0.291628616579 0.0971311297575 0.11639837429 0.034375901569 0.473139655777
109572 0.624782798229 0.641202821479 0.683361457195 0.209935194675 0.68495672069 0.0642608450361
109573 0.526751827616 0.0510582798105 0.442931833697 0.261470658963 0.932029589147 0.245294511373
109574 0.701127094284 0.213332928541 0.524507188006 0.912115035083 0.371347224664 0.355636743394
109575 0.606628230308 0.713085112724 0.204011983524 0.99073433935 0.526201933317 0.970878109405
109576 0.100661557158 0.0808900941958 0.390163555601 0.272390003214 0.28321536803 0.63857419006
109453 0.86076445853 0.23658915392 0.524524238343 0.712927933448 0.173598970202 0.0037012983422
109559 0.891549416661 0.135612551307 0.966918001101 0.870514559149 0.0882837135783 0.228786391119
109473 0.37097434523 0.712308548354 0.447031188011 0.691388158439 0.436014950113 0.324560345013
109476 0.834251599439 0.455513588912 0.403440133671 0.634964866212 0.896483674903 0.123704078866
109484 0.346416566905 0.125795789331 0.312068244599 0.724882168659 0.0247990764713 0.73223200722
109492 0.0455438874887 0.277329469058 0.734113205851 0.0856756811795 0.261208603049 0.597132007806
109494 0.621868796997 0.425627466564 0.214933831217 0.5439382254 0.759431984152 0.319753007415
109495 0.603602828259 0.211100620895 0.44815843666 0.955347712026 0.443996111549 0.392338348847
109498 0.908292177772 0.567991211053 0.794478142328 0.736383454774 0.366104636406 0.506816182395
109501 0.760779394347 0.279876886384 0.229700153159 0.704949806857 0.778451620205 0.181944921913
109502 0.350787787852 0.425707859299 0.838029303004 0.037292726112 0.583718493368 0.887416636686
109503 0.615265524027 0.596456038204 0.372335778404 0.346959376706 0.60929330564 0.387308555189
109505 0.714189081904 0.217910048908 0.411854402592 0.620311665481 0.107672660633 0.493755691544
109506 0.738640193988 0.33316329533 0.00754117678923 0.50013158396 0.40128668181 0.372582699753
109508 0.427455483819 0.0818539280279 0.988287138321 0.275068602732 0.655476792773 0.772462343608
109509 0.100394138906 0.333307027687 0.735913234663 0.367277610006 0.434498541352 0.171345677456
109510 0.796726816199 0.647552586891 0.359462070074 0.337320718256 0.498494133253 0.622538468749
109511 0.859515149971 0.710109894161 0.902005633748 0.48256109194 0.500812117003 0.442737092481
109512 0.973663956632 0.356690662402 0.778718128784 0.108643533239 0.674862069458 0.534403656111
109513 0.933623570474 0.549065432786 0.598817638288 0.104238416351 0.635219585189 0.687368474661
109514 0.587482753115 0.973411957123 0.516623754181 0.221262888789 0.607790778191 0.865020521948
109515 0.0607273726676 0.814269183793 0.435252721252 0.661683865067 0.993596282907 0.590977914809
109517 0.675695514794 0.326066346235 0.195699326187 0.570980956519 0.58331179328 0.877299395283
109518 0.733306329295 0.066028406226 0.381671620637 0.578031688968 0.547973972752 0.533779757756
109519 0.468911315818 0.10245988466 0.656555468627 0.729185629905 0.443491178148 0.640408310271
109520 0.428065510496 0.275863677622 0.631872169822 0.395580148041 0.989339599441 0.605306222153
109521 0.143420240707 0.0898675833113 0.0131988617111 0.335777247944 0.688391795861 0.153071169446
109522 0.0913930589297 0.0168947980103 0.424110424167 0.0324025135039 0.439869968837 0.911173724236
109523 0.583277206383 0.976697038281 0.779350665013 0.729990506016 0.0843275067867 0.541451567525
109524 0.975773323006 0.362484519928 0.251054643432 0.955728578794 0.396497454955 0.350454297751
109525 0.742337150566 0.0904085376701 0.834882119452 0.238529767848 0.0295112436931 0.867051494705
109526 0.614244810979 0.392312791991 0.647893593632 0.294223540248 0.720936103724 0.718225171078
109527 0.472851268537 0.212923433359 0.925850333489 0.972831854333 0.386094597813 0.758760562553
109528 0.351079051962 0.879486308179 0.0135929645124 0.537940059727 0.300781675973 0.00513160769771
109529 0.692657590501 0.822573506131 0.449623075262 0.245373483597 0.466253398037 0.463221990826
109530 0.327184159404 0.80153858023 0.0585677798815 0.292646626666 0.380848655168 0.589169500623
109531 0.807550493063 0.646640492194 0.672520082184 0.808985374489 0.469306747965 0.964121704622
109532 0.081854015995 0.0188749060799 0.051370738678 0.648630394883 0.733713280757 0.273283232395
109533 0.487707547972 0.407094916871 0.317899925523 0.0406183671938 0.955845290211 0.501181530468
109534 0.634500746796 0.289939508832 0.17649816654 0.496174658221 0.979795998612 0.792993896835
109535 0.521493754555 0.296713728225 0.294672506811 0.772121697115 0.906471533301 0.580073616782
109536 0.965867369449 0.677997334614 0.968319622498 0.290434706487 0.321618839292 0.460962439669
109538 0.00428252776332 0.0714981833131 0.073206289075 0.933905716782 0.267994303678 0.904717530868
109539 0.284389009534 0.423846994501 0.397150716692 0.00940835365531 0.430380529092 0.239938087412
109540 0.925025391415 0.831767637559 0.247994548527 0.794602429192 0.387614899149 0.266201979767
109541 0.255998384788 0.481298578016 0.380427772031 0.582661573243 0.633160602154 0.918184252958
109542 0.953899271414 0.029791975115 0.694948505606 0.756042378429 0.426179807165 0.937523100038
109543 0.870664258179 0.0230928992242 0.241636493067 0.0631627390657 0.0980947506364 0.551198929639
109544 0.0903597604312 0.0875346221465 0.139886738156 0.295658165395 0.976857462825 0.917688469976
109417 0.610257895383 0.400323034882 0.537715945289 0.901201268649 0.362256458905 0.345166430522
109546 0.737520325362 0.626358328019 0.28385425 0.779119831704 0.200515466704 0.746077987231
109547 0.856777476203 0.219040088463 0.0794520128606 0.843342408661 0.223859518442 0.728347911762
109548 0.765675117798 0.235680696837 0.265264875895 0.843945215473 0.222930967985 0.652908565243
109550 0.941380103762 0.88220444605 0.822741060488 0.525873014576 0.51115506231 0.0204794276356
109551 0.679477245702 0.120680076271 0.39124297223 0.749650830421 0.137117003102 0.891588029002
109552 0.752101374863 0.452548300157 0.567191777244 0.99205617845 0.586312571683 0.461917727369
109553 0.798235179889 0.365621358361 0.746934481287 0.413858767586 0.101195344358 0.719878422198
109554 0.300761769335 0.250496736726 0.780973853667 0.892309848527 0.212623251878 0.972271455996
109555 0.0853116339434 0.303730871526 0.913920870467 0.996178826815 0.106905249702 0.366934832281
109556 0.926479768111 0.925209222348 0.280252210903 0.0793429312796 0.957852314285 0.758043131869
109557 0.580458183004 0.437083351587 0.256612000984 0.335049813729 0.982640160934 0.341523940045
109558 0.333195950366 0.66062877056 0.496140517914 0.100688834502 0.478921979982 0.653715252735
109545 0.179371819324 0.693144886613 0.932813013313 0.520706136177 0.0912932919483 0.909078539735
109560 0.633044568816 0.0977208808136 0.791342860701 0.474885146674 0.624200539391 0.272118970871
109561 0.804450980843 0.0884155216295 0.570601691707 0.211497564013 0.640965024948 0.0160433095673
109562 0.748966358972 0.781985469909 0.00812482442665 0.844516853242 0.872821822826 0.62866212977
109563 0.467300355655 0.675412739539 0.761203927158 0.18989670689 0.687441375718 0.214397212198
109564 0.449400278034 0.171637751041 0.840343206853 0.108174192671 0.276576774584 0.203461019914
109565 0.463250280976 0.916463021673 0.561997514653 0.579377424201 0.471145027941 0.332897420007
109566 0.284298326849 0.547379049095 0.663621426122 0.114820862694 0.503226793057 0.879919373394
109567 0.688654317906 0.467197331282 0.0892935213762 0.564573253242 0.758252066519 0.0797522408686
